16.64
16.649
16.679
16.684
16.665
16.626
16.686
16.695
16.658
16.628
16.688
16.678
16.675
16.625
16.685
16.703
16.648
16.632
16.736
18.76
14.526
16.648
16.903
16.47
16.647
16.638
16.698
16.663
16.662
16.677
16.666
16.681
16.661
16.628
16.712
16.669
16.66
16.639
16.695
16.662
16.668
16.629
16.718
16.652
16.674
16.629
16.69
16.678
16.663
16.667
16.667
16.66
16.669
16.63
16.708
16.67
16.668
16.632
16.715
16.646
16.665
16.683
16.691
16.634
16.7
16.596
16.728
16.635
16.666
16.652
16.666
16.694
16.669
16.64
16.896
16.495
16.681
16.59
16.791
16.57
16.677
16.614
16.682
16.683
16.67
16.669
16.653
16.669
16.684
16.618
16.767
16.613
16.665
16.642
16.696
16.649
16.681
16.617
16.701
16.682
16.668
16.64
16.667
17.291
16.063
16.629
16.686
16.688
16.67
16.624
16.706
16.662
16.722
16.587
16.69
16.667
16.671
16.636
16.715
16.648
16.651
16.652
16.706
16.66
16.668
16.625
16.68
16.699
16.645
16.638
16.727
16.648
16.692
16.598
16.687
16.713
16.661
16.608
16.679
16.719
16.63
16.636
16.731
16.634
16.666
16.652
16.697
16.678
16.632
16.652
16.7
16.651
16.661
16.661
16.668
16.699
16.66
16.632
16.696
16.676
16.646
16.657
16.671
16.691
16.669
16.636
16.669
16.675
16.686
16.633
16.679
16.666
16.67
16.645
16.701
16.668
16.653
16.657
16.701
16.656
16.655
16.65
16.684
16.686
16.665
16.635
16.69
16.655
16.684
16.631
16.705
16.662
16.654
16.658
16.686
16.666
16.652
16.653
16.717
16.651
16.663
16.632
16.702
16.674
16.676
16.616
16.687
16.714
16.63
16.63
16.684
16.709
16.641
16.64
16.697
16.679
16.654
16.63
18.77
14.587
16.663
16.663
16.722
16.654
16.644
16.658
16.681
16.668
16.675
16.634
16.698
16.635
16.714
16.618
16.731
16.622
16.687
16.621
16.7
16.651
16.662
16.656
16.78
16.579
16.714
16.598
16.703
16.658
16.658
16.633
16.773
16.593
16.669
16.648
16.69
16.669
16.663
16.626
16.689
16.709
16.653
16.63
16.671
16.675
16.683
16.628
16.689
16.664
16.667
16.648
16.686
16.674
16.667
16.634
16.69
16.679
16.658
16.649
16.687
16.674
16.661
16.643
16.68
16.669
16.671
16.641
16.693
16.666
16.663
16.644
16.692
16.67
16.657
16.651
16.694
16.675
16.651
16.649
16.691
16.662
16.665
16.653
16.69
16.662
16.668
16.643
16.705
16.665
16.651
16.646
16.7
16.674
16.665
16.63
16.684
16.69
16.646
16.649
16.7
16.682
16.636
16.671
16.663
16.654
16.695
16.632
16.685
16.685
16.652
16.641
16.705
16.671
16.663
16.638
16.698
16.67
16.641
16.645
16.704
16.655
16.664
16.646
16.685
16.67
16.668
16.638
16.687
16.672
16.665
16.651
16.691
16.687
16.644
16.639
16.694
16.662
16.673
16.647
16.699
16.652
16.67
16.638
16.689
16.67
16.679
16.632
16.697
16.657
16.671
16.638
16.701
16.653
16.666
16.655
16.696
16.665
16.704
16.593
16.696
16.658
16.671
16.65
16.704
16.644
16.678
16.64
16.709
16.664
16.695
16.609
16.676
16.688
16.644
16.644
16.704
16.645
16.674
16.672
16.668
16.678
16.674
16.628
16.678
16.74
16.602
16.64
16.688
16.661
16.671
17.588
15.775
16.959
16.72
16.529
16.475
16.916
16.566
16.64
21.067
12.089
16.851
16.803
16.571
16.649
16.759
16.383
16.856
16.68
16.755
16.545
16.669
16.513
16.856
16.729
18.278
14.979
16.484
16.987
16.521
16.505
17.048
16.666
16.288
16.907
16.459
17.02
16.572
16.355
16.971
16.557
16.455
16.963
16.391
17.007
16.676
16.592
16.389
16.972
16.531
16.48
16.883
16.65
16.66
16.619
16.554
16.85
16.45
16.891
16.629
16.736
16.414
16.861
16.474
16.911
16.418
16.889
16.675
16.64
16.629
16.501
16.858
16.449
16.881
16.694
16.659
16.624
16.71
16.458
17.004
16.301
16.695
16.664
16.67
16.648
16.71
16.639
16.672
16.654
16.689
16.648
16.669
16.647
16.699
16.666
16.658
16.663
16.704
16.654
16.645
16.65
16.705
16.65
16.699
16.614
16.697
16.683
16.654
16.63
16.966
16.405
16.692
16.615
16.675
16.721
16.631
16.656
16.68
16.654
16.657
16.649
16.69
16.698
16.659
16.623
16.709
16.665
16.653
16.64
16.706
16.659
16.673
16.629
16.708
16.667
16.655
16.633
16.722
16.645
16.672
16.639
16.697
16.667
16.663
16.629
16.712
16.647
16.682
16.629
16.693
16.683
16.648
16.637
16.757
16.621
16.707
16.598
16.692
16.67
16.67
16.634
16.718
16.643
16.65
16.649
16.7
16.668
16.673
16.618
16.688
16.69
16.661
16.628
16.784
16.596
16.658
16.641
16.692
16.675
16.661
16.631
16.738
16.652
16.626
16.644
16.711
16.665
16.656
16.718
16.629
16.653
16.701
16.611
16.703
16.674
16.659
16.628
16.701
16.704
16.62
16.664
16.85
16.483
16.693
16.664
16.679
16.66
16.656
16.637
16.701
16.66
16.664
16.636
16.719
16.663
16.638
16.649
16.724
16.646
16.663
16.627
16.763
16.61
16.662
16.63
16.718
16.669
16.658
16.626
16.713
16.666
16.667
16.627
16.697
16.665
16.668
16.639
16.692
16.668
17.065
16.242
16.7
16.661
16.646
16.671
16.686
16.662
16.648
16.663
16.683
16.68
16.657
16.638
16.703
16.694
16.633
16.677
16.687
16.641
16.739
16.566
16.687
16.67
16.674
16.634
16.689
16.674
16.663
16.631
16.713
16.665
16.664
16.658
16.666
16.7
16.644
16.629
16.697
16.662
16.672
16.638
16.699
16.661
16.671
16.639
16.689
16.669
16.669
16.632
16.738
16.636
16.662
16.638
16.721
16.646
16.668
16.63
16.704
16.657
16.667
16.629
16.719
16.641
16.665
16.652
16.697
16.645
16.678
16.634
16.702
16.653
16.662
16.666
16.671
16.673
16.679
16.63
16.731
16.705
16.616
16.608
16.694
16.683
16.644
16.663
16.691
16.701
16.639
16.618
16.71
16.668
16.669
16.623
16.714
16.665
16.646
16.651
16.7
16.645
16.674
16.652
16.698
16.668
16.685
16.609
16.679
16.695
16.658
16.631
16.686
16.688
16.656
16.635
16.685
16.669
16.705
16.604
16.692
16.699
16.656
16.624
16.698
16.677
16.662
16.666
16.668
16.655
16.678
16.631
16.681
16.686
16.653
16.657
16.694
16.667
16.646
16.656
16.696
16.65
16.676
16.645
16.706
16.643
16.68
16.629
16.68
16.685
16.683
16.631
16.666
16.686
16.659
16.654
16.698
16.65
16.666
16.66
16.677
16.656
16.713
16.595
16.69
16.677
16.657
16.651
16.707
16.655
16.67
16.648
16.918
16.421
16.673
16.665
16.719
16.632
16.67
16.62
16.688
16.657
16.696
16.638
16.679
16.699
16.651
16.629
16.684
16.688
16.663
16.641
16.688
16.675
16.639
16.66
16.712
16.674
16.649
16.631
16.697
16.669
16.648
16.651
16.797
16.559
16.678
16.636
16.902
16.479
16.657
16.622
16.68
16.753
16.585
16.65
16.718
16.63
16.678
16.658
16.684
16.653
16.712
16.6
16.704
16.675
16.642
16.648
16.711
16.663
16.671
16.631
16.695
16.679
16.652
16.641
16.745
16.594
16.667
16.66
16.675
16.661
16.725
16.612
16.701
16.636
16.694
16.625
16.708
16.644
16.663
16.646
16.694
16.665
16.686
16.625
16.723
16.635
16.668
16.651
16.684
16.662
16.674
16.638
16.695
16.662
16.677
16.633
16.699
16.659
16.66
16.648
16.696
16.663
16.662
16.646
16.684
16.676
16.66
16.643
16.752
16.618
16.674
16.627
16.691
16.689
16.649
16.642
16.705
16.686
16.644
16.629
16.704
16.68
16.651
16.631
16.764
16.601
16.701
16.595
16.699
16.66
16.699
16.623
16.723
16.641
16.676
16.615
16.703
16.687
16.653
16.638
16.675
16.693
16.671
16.635
16.735
16.612
16.703
16.598
16.702
16.681
16.65
16.64
16.685
16.683
16.648
16.651
16.702
16.66
16.675
16.62
16.687
16.682
16.656
16.68
16.654
16.678
16.67
16.634
16.689
16.671
16.656
16.652
16.685
16.686
16.655
16.649
16.688
16.662
16.66
16.651
16.683
16.673
16.673
16.633
16.691
16.67
16.657
16.65
16.692
16.67
16.674
16.629
16.692
16.685
16.667
16.661
16.675
16.669
16.645
16.642
16.703
16.681
16.657
16.619
17.284
16.293
16.466
16.951
16.538
16.766
16.55
16.64
16.613
16.881
16.555
16.468
17.064
16.6
16.693
16.532
16.664
16.656
16.831
16.624
16.624
16.41
16.953
16.366
16.871
16.774
16.844
16.192
17.138
16.527
16.619
16.664
16.399
16.958
16.806
16.483
16.416
16.844
16.473
18.257
15.322
22.172
11.212
16.349
16.896
17.427
16.056
16.303
17.09
16.491
16.447
16.946
16.487
16.832
16.677
16.365
17.039
16.346
17.267
16.356
16.546
16.551
16.916
16.482
16.522
16.906
16.409
16.892
16.756
16.555
16.689
16.614
16.494
16.864
16.474
16.849
16.481
16.874
16.647
16.458
16.888
16.676
16.655
16.635
16.496
17.013
16.52
16.646
16.712
16.441
16.666
16.644
16.722
16.64
16.664
16.671
16.664
16.675
16.66
16.642
16.7
16.656
16.668
16.649
16.682
16.665
16.665
16.649
16.686
16.664
16.669
16.663
16.682
16.664
16.664
16.638
16.71
16.668
16.664
16.639
16.731
16.628
16.672
16.63
16.684
16.682
16.679
16.649
16.771
16.569
16.654
16.641
16.739
16.639
16.668
16.631
16.703
16.648
16.704
16.617
16.667
16.72
16.646
16.627
16.72
16.656
16.65
16.65
16.691
16.669
16.68
16.622
16.69
16.665
16.674
16.621
16.788
16.811
16.437
16.629
16.727
16.656
16.644
16.651
16.733
16.63
16.644
16.66
16.696
16.656
16.679
16.622
16.691
16.685
16.654
16.65
16.7
16.648
16.668
16.661
16.674
16.665
16.69
16.618
16.692
16.682
16.666
16.639
16.698
16.645
16.699
16.628
16.94
16.433
16.665
16.61
16.747
16.639
16.661
16.623
16.751
16.639
16.662
16.62
16.688
16.684
16.641
16.653
16.702
16.669
16.671
16.632
16.721
16.65
16.649
16.656
16.721
16.632
16.666
16.63
16.705
16.679
16.659
16.633
16.713
16.637
16.668
16.632
16.705
16.679
16.672
16.615
16.71
16.662
16.667
16.625
16.704
16.664
16.675
16.642
16.73
16.626
16.729
16.563
16.71
16.661
16.681
16.622
16.708
16.674
16.656
16.622
16.715
16.657
16.656
16.64
16.722
16.654
16.667
16.633
16.722
16.645
16.663
16.633
16.709
16.663
16.672
16.612
16.691
16.682
16.669
16.627
16.709
16.675
16.657
16.637
16.702
16.665
16.66
16.642
16.695
16.67
16.701
16.742
16.548
16.662
16.712
16.605
16.73
16.642
16.657
16.636
16.688
16.674
16.671
16.633
16.684
16.659
16.691
16.631
16.72
16.651
20.585
12.708
16.704
16.674
16.656
16.641
16.721
16.632
16.667
16.648
16.715
16.645
16.667
16.633
16.692
16.673
16.687
16.623
16.703
16.657
16.667
16.614
16.736
16.632
16.655
16.668
16.671
16.67
16.702
16.626
16.692
16.642
16.662
16.682
16.662
16.684
16.678
16.611
16.708
16.664
16.673
16.636
16.697
16.663
16.662
16.633
16.691
16.69
16.635
16.656
16.699
16.652
16.659
16.661
16.683
16.666
16.695
16.617
16.689
16.682
16.656
16.644
16.879
16.488
16.684
16.606
16.699
16.682
16.664
16.625
16.691
16.683
16.669
16.62
16.701
16.675
16.644
16.654
16.684
16.691
16.665
16.635
16.678
16.672
16.682
16.622
16.693
16.668
16.68
16.648
16.688
16.674
16.658
16.623
16.73
16.649
16.662
16.649
16.76
16.595
16.785
16.506
16.71
16.659
16.653
16.646
16.684
16.683
16.658
16.651
16.715
16.652
16.661
16.635
16.701
16.64
16.695
16.618
16.684
16.696
16.665
16.637
16.996
16.376
16.676
16.611
16.724
16.65
16.648
16.645
16.762
16.593
16.661
16.668
16.684
16.67
16.665
16.644
16.674
16.693
16.659
16.629
16.697
16.678
16.66
16.631
16.866
16.493
16.662
16.653
16.678
16.671
16.683
16.625
16.692
16.681
16.647
16.648
16.702
16.652
16.685
16.629
16.704
16.649
16.666
16.643
16.682
16.688
16.663
16.632
16.706
16.642
16.7
16.651
16.682
16.658
16.664
16.634
16.711
16.669
16.66
16.628
16.682
16.706
16.646
16.676
16.656
16.677
16.662
16.627
16.709
16.648
16.663
16.645
16.692
16.668
16.663
16.634
16.689
16.685
16.651
16.652
16.706
16.648
16.7
16.605
16.697
16.665
16.663
16.649
16.686
16.663
16.673
16.645
16.683
16.677
16.664
16.644
16.689
16.657
16.671
16.648
16.684
16.682
16.652
16.646
16.701
16.655
16.668
16.649
16.725
16.625
16.668
16.646
16.699
16.66
16.677
16.64
16.694
16.674
16.663
16.628
16.73
16.655
16.704
16.592
16.7
16.657
16.698
16.603
16.69
16.679
16.665
16.628
16.687
16.694
16.676
16.605
16.695
16.86
16.487
16.636
16.7
16.66
16.671
16.635
16.684
16.684
16.677
16.608
16.698
16.675
16.65
16.647
16.689
16.667
16.666
16.64
16.694
16.674
16.671
16.638
16.689
16.668
16.658
16.646
16.685
16.674
16.694
16.624
16.682
16.674
16.674
16.627
16.705
16.657
16.664
16.644
16.7
16.653
16.656
16.659
16.725
16.669
16.628
16.645
16.701
16.673
16.671
16.633
16.727
16.681
16.656
16.611
16.691
16.7
16.607
16.66
16.932
16.426
16.7
16.619
16.682
16.669
16.678
16.655
16.737
16.582
16.668
16.653
16.685
16.667
16.67
16.633
16.71
16.655
16.649
16.65
16.708
16.666
16.64
16.661
16.685
16.664
16.68
16.635
17.095
16.306
19.872
13.695
16.437
18.058
15.494
16.443
16.888
16.446
16.847
16.409
17.027
16.615
16.844
16.367
16.644
16.95
17.58
15.487
16.51
16.973
16.685
16.76
16.285
16.941
16.751
16.263
17.049
16.637
16.35
16.977
16.711
16.329
16.947
16.341
17.268
16.516
16.239
17.065
16.269
17.072
16.261
16.925
16.621
16.463
16.955
16.328
17.028
16.325
16.915
16.646
16.452
16.85
16.477
16.848
16.711
16.433
16.865
16.648
16.715
16.446
16.861
16.447
16.915
16.458
16.828
16.634
16.531
16.86
16.632
16.481
16.974
16.394
16.84
16.654
16.717
16.64
16.459
16.66
16.685
16.672
16.679
16.652
16.658
16.679
16.652
16.652
16.775
16.598
16.666
16.621
16.711
16.663
16.661
16.647
16.742
16.685
16.604
16.62
16.761
16.614
16.671
16.675
16.667
16.672
16.639
16.64
16.749
16.623
16.663
16.629
16.708
16.664
16.672
16.627
16.687
16.682
16.658
16.638
16.705
16.669
16.666
16.625
16.691
16.678
16.665
16.631
16.712
16.674
16.684
16.597
16.707
16.668
16.655
16.644
17.179
16.206
16.623
16.662
16.68
16.678
16.661
16.657
16.714
16.66
16.681
16.6
16.757
16.613
16.662
16.642
16.699
16.657
16.669
16.636
16.7
16.674
16.657
16.644
16.698
16.656
16.679
16.627
17.132
16.234
16.758
17.015
16.245
16.657
16.686
16.601
16.761
16.61
16.667
16.625
16.688
16.714
16.68
16.593
16.705
16.656
16.675
16.641
16.708
16.648
16.667
16.637
16.689
16.681
16.691
16.607
16.689
16.666
16.809
16.494
16.719
16.642
16.666
16.647
16.693
16.67
16.66
16.65
16.68
16.676
16.835
16.482
16.684
16.665
16.663
16.64
16.761
16.596
16.666
16.642
16.697
16.646
16.66
16.648
16.718
16.634
16.676
16.692
16.652
16.674
16.663
16.627
16.684
16.691
16.662
16.654
16.755
16.609
16.674
16.614
16.691
16.666
16.679
16.621
16.693
16.719
16.625
16.62
16.721
16.66
16.669
16.705
16.629
16.694
16.673
16.665
16.627
16.767
16.585
16.628
16.697
16.689
16.699
16.568
16.713
16.663
16.675
16.635
16.694
16.69
16.632
16.644
16.706
16.65
16.669
16.643
16.706
16.667
16.649
16.65
16.756
16.639
16.643
16.618
16.701
16.672
16.687
16.628
16.676
16.736
16.602
16.63
16.719
16.755
16.569
16.628
16.732
16.714
16.577
16.63
16.69
16.695
16.752
16.527
16.705
16.67
16.66
16.687
16.669
16.689
16.635
16.62
16.696
16.696
16.655
16.645
16.683
16.649
16.796
16.522
16.683
16.692
16.661
16.646
16.688
16.663
16.677
16.62
16.711
16.69
16.641
16.625
16.686
16.708
16.65
16.617
16.759
16.662
16.633
16.657
16.652
16.739
16.633
16.602
16.72
16.649
16.671
16.627
16.693
16.684
16.723
16.578
16.684
16.677
16.65
16.647
16.827
16.543
16.667
16.635
16.7
16.679
16.648
16.643
16.795
16.65
16.581
16.655
16.691
16.66
16.677
16.653
16.666
16.667
16.694
16.641
16.672
16.659
16.663
16.644
16.687
16.652
16.683
16.672
16.694
16.749
16.556
16.658
17.264
16.064
16.664
16.658
16.738
16.613
16.671
16.711
16.629
16.665
16.671
16.663
16.679
16.631
16.672
16.659
16.739
16.618
16.668
16.637
16.699
16.658
16.655
16.66
16.757
16.606
16.69
16.62
16.779
16.561
16.705
16.61
16.69
16.677
16.672
16.639
16.748
16.597
16.662
16.665
16.694
16.666
16.654
16.633
16.705
16.649
16.689
16.642
16.697
16.705
16.613
16.638
16.685
16.687
16.657
16.634
16.746
16.63
16.663
16.62
16.714
16.687
16.638
16.679
16.668
16.659
16.695
16.611
16.688
16.642
16.751
16.577
16.765
16.601
16.662
16.67
16.762
16.576
16.665
16.667
16.707
16.722
16.983
16.207
16.706
16.695
16.755
16.526
16.699
16.663
16.68
16.632
16.701
16.637
16.669
16.715
16.619
16.727
16.61
16.64
16.698
16.681
16.66
16.628
16.691
16.662
16.68
16.631
16.691
16.667
16.665
16.679
16.666
16.655
16.672
16.634
16.688
16.697
16.647
16.643
16.732
16.622
16.699
16.61
16.709
16.645
16.678
16.639
16.718
16.636
16.663
16.645
16.695
16.66
16.689
16.626
16.697
16.713
16.61
16.646
16.717
16.644
16.657
16.654
16.703
16.667
16.698
16.591
16.738
16.624
16.666
16.657
16.694
16.681
16.635
16.664
16.691
16.673
16.696
16.643
16.669
16.638
16.666
16.654
16.703
16.632
16.678
16.661
16.689
16.659
16.645
16.653
16.704
16.687
16.633
16.657
16.775
16.557
16.679
16.642
16.83
16.536
16.658
16.637
16.699
16.657
16.733
16.572
16.7
16.697
16.629
16.652
16.716
16.634
16.678
16.647
16.738
16.604
16.691
16.629
16.776
16.656
16.628
16.65
16.648
16.707
16.622
16.645
16.716
16.648
16.67
16.629
16.705
16.664
16.701
16.591
16.711
16.757
16.566
16.665
16.691
16.665
16.663
16.656
16.673
16.665
16.692
16.601
16.69
16.706
16.631
16.653
16.714
16.649
16.66
16.632
16.702
16.669
16.666
16.635
16.739
16.625
16.671
16.637
17.153
16.264
16.606
16.653
16.687
16.679
16.754
16.521
16.732
16.655
16.663
16.629
16.775
16.602
16.655
16.638
16.694
16.659
16.661
16.643
16.711
16.664
16.682
16.608
16.696
16.773
16.57
16.662
16.675
16.722
16.61
16.639
17.999
15.44
16.931
16.459
16.965
16.516
16.383
17.11
16.209
17.019
16.316
16.86
16.778
16.563
16.682
16.421
16.697
16.687
16.636
16.655
16.68
16.687
16.655
16.653
16.692
16.647
16.674
16.66
16.687
16.645
16.679
16.629
16.715
16.703
16.604
16.665
16.68
16.667
16.655
16.647
16.707
16.65
16.666
16.653
16.7
16.689
16.634
16.633
16.688
16.696
16.642
16.646
16.719
16.65
16.669
16.624
16.691
16.686
16.666
16.641
16.672
16.684
16.723
16.594
16.909
16.442
16.667
16.642
16.693
16.69
16.647
16.621
16.695
16.678
16.665
16.647
16.726
16.63
16.67
16.633
16.701
16.689
16.625
16.66
16.699
16.656
16.683
16.621
16.739
16.628
16.662
16.643
16.706
16.668
16.657
16.621
16.689
17.002
16.347
16.679
16.75
16.576
16.677
16.623
16.696
16.688
16.643
16.639
16.682
16.71
16.677
16.602
16.721
16.773
16.532
16.645
16.719
16.631
16.665
16.646
16.677
16.668
16.693
16.629
16.735
16.622
16.681
16.612
16.712
16.669
16.675
16.634
16.69
16.653
17.209
16.147
16.661
16.658
16.715
16.598
16.677
16.686
16.656
16.633
16.726
16.647
16.659
16.665
16.676
16.661
16.673
16.629
16.69
16.68
16.651
16.659
16.695
16.708
16.603
16.653
16.784
16.578
16.671
16.631
16.686
16.683
16.694
16.598
16.704
16.738
16.574
16.66
16.816
16.532
16.744
16.574
16.736
16.646
16.63
16.675
16.677
16.643
16.671
16.654
16.697
16.73
16.631
16.614
16.696
16.667
16.637
16.662
16.681
16.675
16.693
16.612
16.68
16.691
16.664
16.627
16.685
16.776
16.586
16.62
16.694
16.709
16.614
16.647
16.73
16.635
16.681
16.671
16.661
16.676
16.697
16.585
16.715
16.657
16.728
16.581
16.678
16.686
16.667
16.619
16.728
16.656
16.648
16.664
16.697
16.752
16.59
16.603
16.735
16.637
16.676
16.657
16.678
16.662
16.672
16.638
16.686
16.673
16.658
16.647
16.69
16.67
16.655
16.645
16.692
16.669
16.675
16.646
16.688
16.682
16.641
16.659
16.672
16.674
16.663
16.629
16.68
16.691
16.693
16.606
16.686
16.686
16.66
16.63
16.684
16.689
16.733
16.557
16.702
16.673
16.674
16.631
16.688
16.683
16.634
16.645
16.707
16.655
16.67
16.666
16.731
16.626
16.663
16.633
16.697
16.662
16.673
16.641
16.711
16.684
16.62
16.674
16.647
16.682
16.68
16.664
16.646
16.704
16.624
16.655
16.703
16.688
16.636
16.65
16.688
16.691
16.64
16.636
16.68
16.69
16.664
16.622
16.7
16.725
16.608
16.668
16.677
16.676
16.637
16.645
16.709
16.724
16.585
16.66
17.226
16.141
16.67
16.624
16.684
16.698
16.658
16.625
16.697
16.683
16.645
16.643
16.934
16.432
16.703
16.603
16.681
16.771
16.575
16.647
16.682
16.737
16.589
16.648
16.707
16.673
16.651
16.653
16.672
16.681
16.687
16.61
16.687
16.686
16.647
16.644
16.718
16.65
16.67
16.626
16.716
16.655
16.657
16.72
16.619
16.668
16.676
16.629
16.682
16.679
16.733
16.57
16.71
16.641
16.662
16.665
16.68
16.656
16.687
16.626
16.694
16.708
16.66
16.631
16.761
16.605
16.665
16.654
16.656
16.71
16.615
16.641
16.712
16.658
16.648
16.669
16.693
16.637
16.697
16.627
16.681
16.721
16.617
16.648
16.71
16.655
16.66
16.663
16.677
16.667
16.684
16.669
16.714
16.671
16.591
16.667
16.679
16.653
16.676
16.67
16.652
16.672
16.691
16.617
16.683
16.684
16.656
16.65
16.695
16.669
16.663
16.631
16.684
16.705
16.66
16.62
16.689
16.685
16.645
16.636
16.692
16.684
16.669
16.631
16.68
16.719
16.637
16.627
16.707
16.669
16.676
16.619
16.688
16.681
16.672
16.619
16.694
16.683
16.651
16.638
16.698
16.677
16.657
16.634
16.71
16.662
16.651
16.653
16.679
16.667
16.677
16.637
16.689
16.68
16.656
16.657
16.672
16.682
16.661
16.635
16.69
16.669
16.702
16.614
16.684
16.662
16.683
16.627
16.693
16.685
17.093
16.416
16.476
16.887
16.447
16.882
16.451
16.856
16.594
16.527
16.913
16.442
17.066
16.582
16.626
16.405
16.654
16.654
16.686
16.676
16.655
16.639
16.699
16.659
16.666
16.651
16.692
16.666
16.662
16.643
16.682
16.688
16.653
16.643
16.702
16.66
16.662
16.642
16.691
16.665
16.668
16.648
16.682
16.776
16.567
16.637
16.702
16.659
16.679
16.627
16.705
16.737
16.598
16.634
16.698
16.663
16.675
16.628
16.684
16.754
16.577
16.672
16.69
16.634
16.67
16.665
16.772
16.572
16.696
16.617
16.737
16.628
16.735
16.577
16.681
16.819
16.596
16.605
16.652
16.774
16.565
16.635
16.697
16.76
16.587
16.603
16.684
16.673
16.668
16.661
16.73
16.633
16.697
16.605
16.686
16.662
16.699
16.615
16.729
16.649
16.665
16.613
16.694
16.679
16.641
16.668
16.702
16.661
16.67
16.648
16.658
16.703
16.668
16.668
16.652
16.783
16.543
16.657
16.682
16.691
16.647
16.645
16.761
16.68
16.614
16.603
16.687
16.675
16.664
16.69
16.649
16.665
16.665
16.638
16.69
16.651
16.671
16.646
16.688
16.665
16.668
16.64
16.696
16.66
16.666
16.659
16.678
16.662
16.665
16.653
16.686
16.666
16.665
16.641
16.694
16.667
16.653
16.684
16.653
16.666
16.663
16.66
16.677
16.673
16.661
16.665
16.683
16.659
16.649
16.668
16.699
16.666
16.667
16.638
16.699
16.664
16.681
16.605
16.7
16.674
16.661
16.637
16.707
16.658
16.682
16.626
16.691
16.677
16.661
16.649
16.841
16.498
16.939
16.377
16.712
16.694
16.611
16.649
16.702
16.666
16.67
16.636
16.701
16.693
16.719
16.56
16.676
16.683
16.704
16.596
16.739
16.624
16.685
16.618
16.815
16.562
16.692
16.629
16.675
16.678
16.649
16.629
16.702
16.678
16.663
16.626
16.687
16.727
16.603
16.643
16.685
16.687
16.724
16.588
16.855
16.506
16.738
16.567
16.69
16.695
16.724
16.567
16.758
20.035
13.22
16.637
16.696
16.656
16.671
16.642
16.676
16.697
16.645
16.646
16.703
16.672
16.667
16.634
16.699
16.661
16.645
16.661
16.697
16.688
16.644
16.641
16.692
16.663
16.654
16.647
16.72
16.65
16.692
16.601
16.685
16.708
16.633
16.64
16.704
16.656
16.683
16.644
16.692
16.647
16.662
16.656
16.706
16.657
16.691
16.684
16.607
16.694
16.634
16.652
16.712
16.658
16.687
16.63
16.673
16.724
16.61
16.652
16.697
16.66
16.667
16.649
16.731
16.618
16.663
16.652
16.675
16.71
16.643
16.657
16.654
16.704
16.656
16.622
16.684
16.686
16.66
16.652
16.675
16.668
16.693
16.618
16.717
16.668
16.64
16.683
16.67
16.673
16.654
16.639
16.685
16.679
16.678
16.617
16.691
16.692
16.643
16.651
16.688
16.653
16.691
16.641
16.669
16.681
16.756
16.541
16.705
16.667
16.675
16.643
16.666
16.685
16.705
16.602
16.697
16.669
16.663
16.626
16.687
16.801
16.554
16.633
16.702
16.662
16.696
16.605
16.687
16.702
16.654
16.618
16.687
16.709
16.697
16.578
16.7
16.714
16.624
16.63
16.694
16.672
16.664
16.632
16.688
16.813
16.539
16.625
16.688
16.725
16.634
16.621
16.705
16.675
16.752
16.529
16.725
16.649
16.651
16.714
16.643
16.678
16.654
16.628
16.977
16.387
16.671
16.643
16.684
16.659
16.657
16.658
16.785
16.579
16.68
16.624
16.751
16.611
16.668
16.638
16.675
16.884
16.45
16.653
16.698
16.706
16.64
16.612
16.715
16.684
16.657
16.616
16.684
16.722
16.616
16.688
16.659
16.681
16.647
16.632
16.709
16.692
16.676
16.605
16.689
16.655
16.665
16.666
16.671
16.685
16.665
16.627
16.829
16.545
16.73
16.56
16.748
16.66
16.625
16.637
16.704
16.669
16.686
16.614
16.723
16.659
16.621
16.668
16.701
16.66
16.659
16.632
16.755
16.613
16.677
16.637
16.788
16.648
16.626
16.596
16.685
17.465
16.094
16.905
16.215
16.937
16.716
16.323
17.007
16.526
16.498
16.832
16.483
16.677
16.651
16.651
16.709
16.683
16.685
16.583
16.718
16.721
16.588
16.641
16.711
16.686
16.63
16.641
16.706
16.675
16.666
16.619
16.73
16.65
16.658
16.644
16.886
16.456
16.694
16.629
16.705
16.683
16.629
16.665
16.673
16.659
16.694
16.644
16.66
16.791
16.555
16.705
16.654
16.636
16.729
16.595
16.681
16.682
16.891
16.388
16.709
16.673
16.649
16.653
16.699
16.663
16.671
16.617
16.734
16.659
16.646
16.635
16.69
16.675
16.659
16.644
16.694
16.674
16.651
16.655
16.741
16.613
16.686
16.665
16.646
16.679
16.66
16.65
16.666
16.69
16.678
16.624
16.677
16.668
16.689
16.683
16.644
16.699
16.618
16.654
16.678
16.68
16.662
16.639
16.73
16.66
16.643
16.641
16.697
16.665
16.682
16.612
16.711
16.674
16.637
16.648
16.708
16.679
16.632
16.657
16.734
16.628
16.697
16.621
16.705
16.666
16.626
16.646
16.691
16.677
16.743
16.55
16.696
16.745
16.598
16.636
16.685
16.659
16.667
16.653
16.726
16.63
16.663
16.669
16.675
16.71
16.615
16.64
16.69
16.687
16.651
16.643
16.703
16.713
16.607
16.637
16.694
16.688
16.661
16.635
16.685
16.665
16.666
16.643
16.701
16.672
16.7
16.589
16.726
16.667
16.642
16.637
16.69
16.674
16.658
16.676
16.665
16.668
16.717
16.583
16.69
16.683
16.67
16.652
16.664
16.684
16.649
16.642
16.741
16.635
16.64
16.672
16.708
16.642
16.773
16.532
16.681
16.687
16.685
16.624
16.712
16.634
16.653
16.665
16.679
16.678
16.723
16.577
16.69
16.695
16.637
16.64
16.726
16.635
16.663
16.648
16.689
16.676
16.672
16.635
16.686
16.678
16.671
16.641
16.73
16.637
16.655
16.634
16.713
16.679
16.619
16.665
16.696
16.668
16.649
16.645
16.768
16.599
16.77
16.518
16.691
16.671
16.66
16.657
16.697
16.652
16.772
16.591
16.698
16.624
16.688
16.605
16.686
16.725
16.624
16.623
